0.000000e+00 9.155646e+00 0.000000e+00 6.320238e+00 0.000000e+00 3.488210e+00 0.000000e+00 6.583755e-01 
1.000000e-07 9.154811e+00 1.000000e-07 6.318858e+00 1.000000e-07 3.485962e+00 1.000000e-07 6.556029e-01 
2.000000e-07 9.154120e+00 2.000000e-07 6.317478e+00 2.000000e-07 3.483894e+00 2.000000e-07 6.528464e-01 
4.000000e-07 9.152737e+00 4.000000e-07 6.314716e+00 4.000000e-07 3.479755e+00 4.000000e-07 6.473322e-01 
8.000000e-07 9.149969e+00 8.000000e-07 6.309189e+00 8.000000e-07 3.471472e+00 8.000000e-07 6.362959e-01 
1.600000e-06 9.144425e+00 1.600000e-06 6.298120e+00 1.600000e-06 3.454884e+00 1.600000e-06 6.141923e-01 
3.200000e-06 9.133307e+00 3.200000e-06 6.275920e+00 3.200000e-06 3.421614e+00 3.200000e-06 5.698624e-01 
6.400000e-06 9.110952e+00 6.400000e-06 6.231282e+00 6.400000e-06 3.354716e+00 6.400000e-06 4.807262e-01 
1.280000e-05 9.065791e+00 1.280000e-05 6.141108e+00 1.280000e-05 3.219577e+00 1.280000e-05 3.008716e-01 
2.280000e-05 8.994170e+00 2.280000e-05 5.998098e+00 2.280000e-05 3.005255e+00 2.280000e-05 1.371819e-01 
3.280000e-05 8.921509e+00 3.280000e-05 5.853009e+00 3.280000e-05 2.787818e+00 3.280000e-05 1.086122e-01 
4.280000e-05 8.848112e+00 4.280000e-05 5.706455e+00 4.280000e-05 2.568184e+00 4.280000e-05 9.560162e-02 
5.280000e-05 8.774314e+00 5.280000e-05 5.559096e+00 5.280000e-05 2.347344e+00 5.280000e-05 8.749551e-02 
6.280000e-05 8.700467e+00 6.280000e-05 5.411642e+00 6.280000e-05 2.126362e+00 6.280000e-05 8.180177e-02 
7.280000e-05 8.626950e+00 7.280000e-05 5.264845e+00 7.280000e-05 1.906365e+00 7.280000e-05 7.749927e-02 
8.280000e-05 8.554160e+00 8.280000e-05 5.119499e+00 8.280000e-05 1.688541e+00 8.280000e-05 7.421177e-02 
9.280000e-05 8.482509e+00 9.280000e-05 4.976429e+00 9.280000e-05 1.474129e+00 9.280000e-05 7.160509e-02 
1.028000e-04 8.412426e+00 1.028000e-04 4.836489e+00 1.028000e-04 1.264406e+00 1.028000e-04 6.951278e-02 
1.128000e-04 8.344347e+00 1.128000e-04 4.700550e+00 1.128000e-04 1.060681e+00 1.128000e-04 6.783141e-02 
1.228000e-04 8.278715e+00 1.228000e-04 4.569497e+00 1.228000e-04 8.642766e-01 1.228000e-04 6.648758e-02 
1.328000e-04 8.215973e+00 1.328000e-04 4.444214e+00 1.328000e-04 6.765195e-01 1.328000e-04 6.542870e-02 
1.428000e-04 8.156559e+00 1.428000e-04 4.325576e+00 1.428000e-04 4.987218e-01 1.428000e-04 6.461668e-02 
1.528000e-04 8.100902e+00 1.528000e-04 4.214440e+00 1.528000e-04 3.322209e-01 1.528000e-04 6.402367e-02 
1.628000e-04 8.049415e+00 1.628000e-04 4.111631e+00 1.628000e-04 1.923507e-01 1.628000e-04 6.362932e-02 
1.728000e-04 8.002491e+00 1.728000e-04 4.017932e+00 1.728000e-04 1.414926e-01 1.728000e-04 6.341913e-02 
1.828000e-04 7.960495e+00 1.828000e-04 3.934074e+00 1.828000e-04 1.238425e-01 1.828000e-04 6.338327e-02 
1.928000e-04 7.923762e+00 1.928000e-04 3.860724e+00 1.928000e-04 1.146107e-01 1.928000e-04 6.351589e-02 
2.028000e-04 7.892589e+00 2.028000e-04 3.798476e+00 2.028000e-04 1.091081e-01 2.028000e-04 6.381469e-02 
2.128000e-04 7.867232e+00 2.128000e-04 3.747841e+00 2.128000e-04 1.056221e-01 2.128000e-04 6.428076e-02 
2.228000e-04 7.847901e+00 2.228000e-04 3.709239e+00 2.228000e-04 1.036967e-01 2.228000e-04 6.491865e-02 
2.328000e-04 7.834759e+00 2.328000e-04 3.682994e+00 2.328000e-04 1.028906e-01 2.328000e-04 6.573660e-02 
2.428000e-04 7.827915e+00 2.428000e-04 3.669326e+00 2.428000e-04 1.030530e-01 2.428000e-04 6.674713e-02 
2.528000e-04 7.827428e+00 2.528000e-04 3.668349e+00 2.528000e-04 1.041695e-01 2.528000e-04 6.796788e-02 
2.628000e-04 7.833300e+00 2.628000e-04 3.680071e+00 2.628000e-04 1.063226e-01 2.628000e-04 6.942302e-02 
2.728000e-04 7.845481e+00 2.728000e-04 3.704391e+00 2.728000e-04 1.097283e-01 2.728000e-04 7.114536e-02 
2.828000e-04 7.863867e+00 2.828000e-04 3.741101e+00 2.828000e-04 1.148336e-01 2.828000e-04 7.317971e-02 
2.928000e-04 7.888303e+00 2.928000e-04 3.789890e+00 2.928000e-04 1.227141e-01 2.928000e-04 7.558816e-02 
3.028000e-04 7.918584e+00 3.028000e-04 3.850351e+00 3.028000e-04 1.357216e-01 3.028000e-04 7.845909e-02 
3.128000e-04 7.954460e+00 3.128000e-04 3.921985e+00 3.128000e-04 1.627453e-01 3.128000e-04 8.192296e-02 
3.228000e-04 7.995640e+00 3.228000e-04 4.004210e+00 3.228000e-04 2.428225e-01 3.228000e-04 8.618254e-02 
3.328000e-04 8.041794e+00 3.328000e-04 4.096367e+00 3.328000e-04 3.763022e-01 3.328000e-04 9.157571e-02 
3.428000e-04 8.092562e+00 3.428000e-04 4.197737e+00 3.428000e-04 5.252441e-01 3.428000e-04 9.872462e-02 
3.528000e-04 8.147556e+00 3.528000e-04 4.307544e+00 3.528000e-04 6.866004e-01 3.528000e-04 1.091461e-01 
3.628000e-04 8.206365e+00 3.628000e-04 4.424969e+00 3.628000e-04 8.591681e-01 3.628000e-04 1.267965e-01 
3.728000e-04 8.268563e+00 3.728000e-04 4.549164e+00 3.728000e-04 1.041698e+00 3.728000e-04 1.755925e-01 
3.828000e-04 8.333716e+00 3.828000e-04 4.679258e+00 3.828000e-04 1.232909e+00 3.828000e-04 3.550660e-01 
3.928000e-04 8.401381e+00 3.928000e-04 4.814368e+00 3.928000e-04 1.431507e+00 3.928000e-04 5.685752e-01 
4.028000e-04 8.471118e+00 4.028000e-04 4.953615e+00 4.028000e-04 1.636195e+00 4.028000e-04 7.887635e-01 
4.128000e-04 8.542490e+00 4.128000e-04 5.096127e+00 4.128000e-04 1.845692e+00 4.128000e-04 1.014226e+00 
4.228000e-04 8.615069e+00 4.228000e-04 5.241051e+00 4.228000e-04 2.058743e+00 4.228000e-04 1.243606e+00 
4.328000e-04 8.688442e+00 4.328000e-04 5.387559e+00 4.328000e-04 2.274131e+00 4.328000e-04 1.475586e+00 
4.428000e-04 8.762210e+00 4.428000e-04 5.534857e+00 4.428000e-04 2.490687e+00 4.428000e-04 1.708901e+00 
4.528000e-04 8.835995e+00 4.528000e-04 5.682188e+00 4.528000e-04 2.707300e+00 4.528000e-04 1.942347e+00 
4.628000e-04 8.909439e+00 4.628000e-04 5.828839e+00 4.628000e-04 2.922919e+00 4.628000e-04 2.174784e+00 
4.728000e-04 8.982209e+00 4.728000e-04 5.974144e+00 4.728000e-04 3.136563e+00 4.728000e-04 2.405150e+00 
4.828000e-04 9.053995e+00 4.828000e-04 6.117484e+00 4.828000e-04 3.347323e+00 4.828000e-04 2.632457e+00 
4.928000e-04 9.124513e+00 4.928000e-04 6.258292e+00 4.928000e-04 3.554365e+00 4.928000e-04 2.855799e+00 
5.028000e-04 9.193504e+00 5.028000e-04 6.396053e+00 5.028000e-04 3.756930e+00 5.028000e-04 3.074351e+00 
5.128000e-04 9.260736e+00 5.128000e-04 6.530299e+00 5.128000e-04 3.954331e+00 5.128000e-04 3.287368e+00 
5.228000e-04 9.326000e+00 5.228000e-04 6.660618e+00 5.228000e-04 4.145958e+00 5.228000e-04 3.494185e+00 
5.328000e-04 9.389113e+00 5.328000e-04 6.786640e+00 5.328000e-04 4.331272e+00 5.328000e-04 3.694214e+00 
5.428000e-04 9.449914e+00 5.428000e-04 6.908047e+00 5.428000e-04 4.509800e+00 5.428000e-04 3.886941e+00 
5.528000e-04 9.508265e+00 5.528000e-04 7.024561e+00 5.528000e-04 4.681135e+00 5.528000e-04 4.071921e+00 
5.628000e-04 9.564048e+00 5.628000e-04 7.135947e+00 5.628000e-04 4.844930e+00 5.628000e-04 4.248774e+00 
5.728000e-04 9.617163e+00 5.728000e-04 7.242006e+00 5.728000e-04 5.000894e+00 5.728000e-04 4.417181e+00 
5.828000e-04 9.667529e+00 5.828000e-04 7.342576e+00 5.828000e-04 5.148786e+00 5.828000e-04 4.576879e+00 
5.928000e-04 9.715079e+00 5.928000e-04 7.437524e+00 5.928000e-04 5.288411e+00 5.928000e-04 4.727653e+00 
6.028000e-04 9.759762e+00 6.028000e-04 7.526746e+00 6.028000e-04 5.419616e+00 6.028000e-04 4.869334e+00 
6.128000e-04 9.801537e+00 6.128000e-04 7.610162e+00 6.128000e-04 5.542282e+00 6.128000e-04 5.001791e+00 
6.228000e-04 9.840375e+00 6.228000e-04 7.687714e+00 6.228000e-04 5.656324e+00 6.228000e-04 5.124926e+00 
6.328000e-04 9.876255e+00 6.328000e-04 7.759360e+00 6.328000e-04 5.761681e+00 6.328000e-04 5.238673e+00 
6.428000e-04 9.909165e+00 6.428000e-04 7.825075e+00 6.428000e-04 5.858314e+00 6.428000e-04 5.342986e+00 
6.528000e-04 9.939099e+00 6.528000e-04 7.884845e+00 6.528000e-04 5.946205e+00 6.528000e-04 5.437841e+00 
6.628000e-04 9.966053e+00 6.628000e-04 7.938668e+00 6.628000e-04 6.025347e+00 6.628000e-04 5.523230e+00 
6.728000e-04 9.990030e+00 6.728000e-04 7.986545e+00 6.728000e-04 6.095744e+00 6.728000e-04 5.599154e+00 
6.828000e-04 1.001103e+01 6.828000e-04 8.028487e+00 6.828000e-04 6.157410e+00 6.828000e-04 5.665626e+00 
6.928000e-04 1.002907e+01 6.928000e-04 8.064503e+00 6.928000e-04 6.210361e+00 6.928000e-04 5.722660e+00 
7.028000e-04 1.004415e+01 7.028000e-04 8.094608e+00 7.028000e-04 6.254616e+00 7.028000e-04 5.770276e+00 
7.128000e-04 1.005627e+01 7.128000e-04 8.118815e+00 7.128000e-04 6.290195e+00 7.128000e-04 5.808491e+00 
7.228000e-04 1.006544e+01 7.228000e-04 8.137135e+00 7.228000e-04 6.317114e+00 7.228000e-04 5.837323e+00 
7.328000e-04 1.007168e+01 7.328000e-04 8.149579e+00 7.328000e-04 6.335389e+00 7.328000e-04 5.856784e+00 
7.428000e-04 1.007497e+01 7.428000e-04 8.156153e+00 7.428000e-04 6.345028e+00 7.428000e-04 5.866883e+00 
7.528000e-04 1.007532e+01 7.528000e-04 8.156861e+00 7.528000e-04 6.346038e+00 7.528000e-04 5.867624e+00 
7.628000e-04 1.007274e+01 7.628000e-04 8.151703e+00 7.628000e-04 6.338418e+00 7.628000e-04 5.859005e+00 
7.728000e-04 1.006722e+01 7.728000e-04 8.140676e+00 7.728000e-04 6.322163e+00 7.728000e-04 5.841016e+00 
7.828000e-04 1.005875e+01 7.828000e-04 8.123772e+00 7.828000e-04 6.297261e+00 7.828000e-04 5.813645e+00 
7.928000e-04 1.004734e+01 7.928000e-04 8.100982e+00 7.928000e-04 6.263699e+00 7.928000e-04 5.776873e+00 
8.028000e-04 1.003297e+01 8.028000e-04 8.072292e+00 8.028000e-04 6.221457e+00 8.028000e-04 5.730678e+00 
8.128000e-04 1.001564e+01 8.128000e-04 8.037690e+00 8.128000e-04 6.170515e+00 8.128000e-04 5.675035e+00 
8.228000e-04 9.995340e+00 8.228000e-04 7.997160e+00 8.228000e-04 6.110852e+00 8.228000e-04 5.609920e+00 
8.328000e-04 9.972067e+00 8.328000e-04 7.950691e+00 8.328000e-04 6.042450e+00 8.328000e-04 5.535308e+00 
8.428000e-04 9.945815e+00 8.428000e-04 7.898273e+00 8.428000e-04 5.965293e+00 8.428000e-04 5.451183e+00 
8.528000e-04 9.916581e+00 8.528000e-04 7.839899e+00 8.528000e-04 5.879373e+00 8.528000e-04 5.357532e+00 
8.628000e-04 9.884364e+00 8.628000e-04 7.775572e+00 8.628000e-04 5.784692e+00 8.628000e-04 5.254354e+00 
8.728000e-04 9.849172e+00 8.728000e-04 7.705302e+00 8.728000e-04 5.681265e+00 8.728000e-04 5.141665e+00 
8.828000e-04 9.811015e+00 8.828000e-04 7.629112e+00 8.828000e-04 5.569126e+00 8.828000e-04 5.019496e+00 
8.928000e-04 9.769911e+00 8.928000e-04 7.547038e+00 8.928000e-04 5.448328e+00 8.928000e-04 4.887904e+00 
9.028000e-04 9.725888e+00 9.028000e-04 7.459134e+00 9.028000e-04 5.318951e+00 9.028000e-04 4.746972e+00 
9.128000e-04 9.678983e+00 9.128000e-04 7.365477e+00 9.128000e-04 5.181105e+00 9.128000e-04 4.596816e+00 
9.228000e-04 9.629246e+00 9.228000e-04 7.266165e+00 9.228000e-04 5.034936e+00 9.228000e-04 4.437592e+00 
9.328000e-04 9.576741e+00 9.328000e-04 7.161324e+00 9.328000e-04 4.880629e+00 9.328000e-04 4.269498e+00 
9.428000e-04 9.521545e+00 9.428000e-04 7.051112e+00 9.428000e-04 4.718416e+00 9.428000e-04 4.092782e+00 
9.528000e-04 9.463755e+00 9.528000e-04 6.935720e+00 9.528000e-04 4.548577e+00 9.528000e-04 3.907744e+00 
9.628000e-04 9.403486e+00 9.628000e-04 6.815376e+00 9.628000e-04 4.371448e+00 9.628000e-04 3.714748e+00 
9.728000e-04 9.340871e+00 9.728000e-04 6.690350e+00 9.728000e-04 4.187426e+00 9.728000e-04 3.514219e+00 
9.828000e-04 9.276069e+00 9.828000e-04 6.560954e+00 9.828000e-04 3.996971e+00 9.828000e-04 3.306654e+00 
9.928000e-04 9.209258e+00 9.928000e-04 6.427549e+00 9.928000e-04 3.800610e+00 9.928000e-04 3.092624e+00 
1.002800e-03 9.140643e+00 1.002800e-03 6.290541e+00 1.002800e-03 3.598945e+00 1.002800e-03 2.872777e+00 
1.012800e-03 9.070453e+00 1.012800e-03 6.150389e+00 1.012800e-03 3.392646e+00 1.012800e-03 2.647840e+00 
1.022800e-03 8.998944e+00 1.022800e-03 6.007601e+00 1.022800e-03 3.182464e+00 1.022800e-03 2.418624e+00 
1.032800e-03 8.926395e+00 1.032800e-03 5.862738e+00 1.032800e-03 2.969222e+00 1.032800e-03 2.186022e+00 
1.042800e-03 8.853113e+00 1.042800e-03 5.716410e+00 1.042800e-03 2.753820e+00 1.042800e-03 1.951008e+00 
1.052800e-03 8.779428e+00 1.052800e-03 5.569279e+00 1.052800e-03 2.537229e+00 1.052800e-03 1.714637e+00 
1.062800e-03 8.705696e+00 1.062800e-03 5.422052e+00 1.062800e-03 2.320492e+00 1.062800e-03 1.478039e+00 
1.072800e-03 8.632293e+00 1.072800e-03 5.275482e+00 1.072800e-03 2.104714e+00 1.072800e-03 1.242416e+00 
1.082800e-03 8.559614e+00 1.082800e-03 5.130359e+00 1.082800e-03 1.891059e+00 1.082800e-03 1.009031e+00 
1.092800e-03 8.488074e+00 1.092800e-03 4.987509e+00 1.092800e-03 1.680741e+00 1.092800e-03 7.792041e-01 
1.102800e-03 8.418099e+00 1.102800e-03 4.847783e+00 1.102800e-03 1.475015e+00 1.102800e-03 5.542987e-01 
1.112800e-03 8.350124e+00 1.112800e-03 4.712052e+00 1.112800e-03 1.275161e+00 1.112800e-03 3.357630e-01 
1.122800e-03 8.284592e+00 1.122800e-03 4.581198e+00 1.122800e-03 1.082478e+00 1.122800e-03 1.654289e-01 
1.132800e-03 8.221945e+00 1.132800e-03 4.456105e+00 1.132800e-03 8.982656e-01 1.132800e-03 1.245881e-01 
1.142800e-03 8.162621e+00 1.142800e-03 4.337646e+00 1.142800e-03 7.238111e-01 1.142800e-03 1.093617e-01 
1.152800e-03 8.107048e+00 1.152800e-03 4.226677e+00 1.152800e-03 5.603726e-01 1.152800e-03 1.007212e-01 
1.162800e-03 8.055638e+00 1.162800e-03 4.124021e+00 1.162800e-03 4.091658e-01 1.162800e-03 9.507324e-02 
1.172800e-03 8.008784e+00 1.172800e-03 4.030462e+00 1.172800e-03 2.719760e-01 1.172800e-03 9.109606e-02 
1.182800e-03 7.966850e+00 1.182800e-03 3.946727e+00 1.182800e-03 1.754638e-01 1.182800e-03 8.835357e-02 
1.192800e-03 7.930171e+00 1.192800e-03 3.873484e+00 1.192800e-03 1.420985e-01 1.192800e-03 8.644294e-02 
1.202800e-03 7.899042e+00 1.202800e-03 3.811325e+00 1.202800e-03 1.282071e-01 1.202800e-03 8.518106e-02 
1.212800e-03 7.873721e+00 1.212800e-03 3.760760e+00 1.212800e-03 1.208099e-01 1.212800e-03 8.446804e-02 
1.222800e-03 7.854416e+00 1.222800e-03 3.722210e+00 1.222800e-03 1.166771e-01 1.222800e-03 8.424242e-02 
1.232800e-03 7.841289e+00 1.232800e-03 3.695997e+00 1.232800e-03 1.145465e-01 1.232800e-03 8.447257e-02 
1.242800e-03 7.834452e+00 1.242800e-03 3.682341e+00 1.242800e-03 1.141259e-01 1.242800e-03 8.515183e-02 
1.252800e-03 7.833961e+00 1.252800e-03 3.681357e+00 1.252800e-03 1.151702e-01 1.252800e-03 8.629728e-02 
1.262800e-03 7.839819e+00 1.262800e-03 3.693052e+00 1.262800e-03 1.177691e-01 1.262800e-03 8.795260e-02 
1.272800e-03 7.851977e+00 1.272800e-03 3.717325e+00 1.272800e-03 1.223304e-01 1.272800e-03 9.019639e-02 
1.282800e-03 7.870330e+00 1.282800e-03 3.753968e+00 1.282800e-03 1.299757e-01 1.282800e-03 9.315924e-02 
1.292800e-03 7.894723e+00 1.292800e-03 3.802673e+00 1.292800e-03 1.431817e-01 1.292800e-03 9.705857e-02 
1.302800e-03 7.924952e+00 1.302800e-03 3.863032e+00 1.302800e-03 1.712469e-01 1.302800e-03 1.022744e-01 
1.312800e-03 7.960768e+00 1.312800e-03 3.934546e+00 1.312800e-03 2.463307e-01 1.312800e-03 1.095353e-01 
1.322800e-03 8.001880e+00 1.322800e-03 4.016634e+00 1.322800e-03 3.641026e-01 1.322800e-03 1.207288e-01 
1.332800e-03 8.047959e+00 1.332800e-03 4.108640e+00 1.332800e-03 4.979894e-01 1.332800e-03 1.411087e-01 
1.342800e-03 8.098644e+00 1.342800e-03 4.209845e+00 1.342800e-03 6.452968e-01 1.342800e-03 2.026306e-01 
1.352800e-03 8.153547e+00 1.352800e-03 4.319474e+00 1.352800e-03 8.048916e-01 1.352800e-03 3.579009e-01 
1.362800e-03 8.212261e+00 1.362800e-03 4.436710e+00 1.362800e-03 9.755840e-01 1.362800e-03 5.338594e-01 
1.372800e-03 8.274360e+00 1.372800e-03 4.560705e+00 1.372800e-03 1.156138e+00 1.372800e-03 7.201609e-01 
1.382800e-03 8.339408e+00 1.382800e-03 4.690590e+00 1.382800e-03 1.345286e+00 1.382800e-03 9.154780e-01 
1.392800e-03 8.406964e+00 1.392800e-03 4.825485e+00 1.392800e-03 1.541746e+00 1.392800e-03 1.118480e+00 
1.402800e-03 8.476590e+00 1.402800e-03 4.964510e+00 1.402800e-03 1.744238e+00 1.402800e-03 1.327836e+00 
1.412800e-03 8.547848e+00 1.412800e-03 5.106796e+00 1.412800e-03 1.951492e+00 1.412800e-03 1.542228e+00 
1.422800e-03 8.620312e+00 1.422800e-03 5.251489e+00 1.422800e-03 2.162266e+00 1.422800e-03 1.760363e+00 
1.432800e-03 8.693568e+00 1.432800e-03 5.397766e+00 1.432800e-03 2.375358e+00 1.432800e-03 1.980987e+00 
1.442800e-03 8.767219e+00 1.442800e-03 5.544831e+00 1.442800e-03 2.589608e+00 1.442800e-03 2.202896e+00 
1.452800e-03 8.840888e+00 1.452800e-03 5.691930e+00 1.452800e-03 2.803918e+00 1.452800e-03 2.424943e+00 
1.462800e-03 8.914216e+00 1.462800e-03 5.838350e+00 1.462800e-03 3.017248e+00 1.462800e-03 2.646043e+00 
1.472800e-03 8.986871e+00 1.472800e-03 5.983426e+00 1.472800e-03 3.228627e+00 1.472800e-03 2.865184e+00 
1.482800e-03 9.058544e+00 1.482800e-03 6.126541e+00 1.482800e-03 3.437156e+00 1.482800e-03 3.081426e+00 
1.492800e-03 9.128951e+00 1.492800e-03 6.267128e+00 1.492800e-03 3.642007e+00 1.492800e-03 3.293904e+00 
1.502800e-03 9.197833e+00 1.502800e-03 6.404672e+00 1.502800e-03 3.842431e+00 1.502800e-03 3.501834e+00 
1.512800e-03 9.264959e+00 1.512800e-03 6.538709e+00 1.512800e-03 4.037747e+00 1.512800e-03 3.704504e+00 
1.522800e-03 9.330121e+00 1.522800e-03 6.668823e+00 1.522800e-03 4.227353e+00 1.522800e-03 3.901282e+00 
1.532800e-03 9.393135e+00 1.532800e-03 6.794649e+00 1.532800e-03 4.410712e+00 1.532800e-03 4.091606e+00 
1.542800e-03 9.453841e+00 1.542800e-03 6.915865e+00 1.542800e-03 4.587359e+00 1.542800e-03 4.274986e+00 
1.552800e-03 9.512100e+00 1.552800e-03 7.032197e+00 1.552800e-03 4.756890e+00 1.552800e-03 4.450999e+00 
1.562800e-03 9.567796e+00 1.562800e-03 7.143409e+00 1.562800e-03 4.918960e+00 1.562800e-03 4.619281e+00 
1.572800e-03 9.620827e+00 1.572800e-03 7.249303e+00 1.572800e-03 5.073282e+00 1.572800e-03 4.779530e+00 
1.582800e-03 9.671114e+00 1.582800e-03 7.349716e+00 1.582800e-03 5.219618e+00 1.582800e-03 4.931492e+00 
1.592800e-03 9.718590e+00 1.592800e-03 7.444516e+00 1.592800e-03 5.357774e+00 1.592800e-03 5.074963e+00 
1.602800e-03 9.763203e+00 1.602800e-03 7.533598e+00 1.602800e-03 5.487598e+00 1.602800e-03 5.209782e+00 
1.612800e-03 9.804913e+00 1.612800e-03 7.616884e+00 1.612800e-03 5.608974e+00 1.612800e-03 5.335821e+00 
1.622800e-03 9.843690e+00 1.622800e-03 7.694315e+00 1.622800e-03 5.721815e+00 1.622800e-03 5.452990e+00 
1.632800e-03 9.879514e+00 1.632800e-03 7.765849e+00 1.632800e-03 5.826062e+00 1.632800e-03 5.561222e+00 
1.642800e-03 9.912373e+00 1.642800e-03 7.831461e+00 1.642800e-03 5.921677e+00 1.642800e-03 5.660475e+00 
1.652800e-03 9.942259e+00 1.652800e-03 7.891138e+00 1.652800e-03 6.008640e+00 1.652800e-03 5.750725e+00 
1.662800e-03 9.969171e+00 1.662800e-03 7.944876e+00 1.662800e-03 6.086945e+00 1.662800e-03 5.831963e+00 
1.672800e-03 9.993110e+00 1.672800e-03 7.992678e+00 1.672800e-03 6.156597e+00 1.672800e-03 5.904192e+00 
1.682800e-03 1.001408e+01 1.682800e-03 8.034553e+00 1.682800e-03 6.217608e+00 1.682800e-03 5.967420e+00 
1.692800e-03 1.003209e+01 1.692800e-03 8.070513e+00 1.692800e-03 6.269995e+00 1.692800e-03 6.021663e+00 
1.702800e-03 1.004714e+01 1.702800e-03 8.100570e+00 1.702800e-03 6.313776e+00 1.702800e-03 6.066937e+00 
1.712800e-03 1.005924e+01 1.712800e-03 8.124738e+00 1.712800e-03 6.348969e+00 1.712800e-03 6.103261e+00 
1.722800e-03 1.006840e+01 1.722800e-03 8.143028e+00 1.722800e-03 6.375594e+00 1.722800e-03 6.130648e+00 
1.732800e-03 1.007463e+01 1.732800e-03 8.155451e+00 1.732800e-03 6.393662e+00 1.732800e-03 6.149112e+00 
1.742800e-03 1.007791e+01 1.742800e-03 8.162013e+00 1.742800e-03 6.403184e+00 1.742800e-03 6.158660e+00 
1.752800e-03 1.007826e+01 1.752800e-03 8.162719e+00 1.752800e-03 6.404166e+00 1.752800e-03 6.159296e+00 
1.762800e-03 1.007568e+01 1.762800e-03 8.157567e+00 1.762800e-03 6.396607e+00 1.762800e-03 6.151016e+00 
1.772800e-03 1.007017e+01 1.772800e-03 8.146555e+00 1.772800e-03 6.380500e+00 1.772800e-03 6.133812e+00 
1.782800e-03 1.006171e+01 1.782800e-03 8.129675e+00 1.782800e-03 6.355836e+00 1.782800e-03 6.107671e+00 
1.792800e-03 1.005032e+01 1.792800e-03 8.106917e+00 1.792800e-03 6.322600e+00 1.792800e-03 6.072574e+00 
1.802800e-03 1.003597e+01 1.802800e-03 8.078269e+00 1.802800e-03 6.280774e+00 1.802800e-03 6.028501e+00 
1.812800e-03 1.001866e+01 1.812800e-03 8.043717e+00 1.812800e-03 6.230336e+00 1.812800e-03 5.975427e+00 
1.822800e-03 9.998397e+00 1.822800e-03 8.003248e+00 1.822800e-03 6.171266e+00 1.822800e-03 5.913328e+00 
1.832800e-03 9.975159e+00 1.832800e-03 7.956847e+00 1.832800e-03 6.103546e+00 1.832800e-03 5.842182e+00 
1.842800e-03 9.948946e+00 1.842800e-03 7.904506e+00 1.842800e-03 6.027159e+00 1.842800e-03 5.761970e+00 
1.852800e-03 9.919755e+00 1.852800e-03 7.846219e+00 1.852800e-03 5.942099e+00 1.852800e-03 5.672682e+00 
1.862800e-03 9.887587e+00 1.862800e-03 7.781988e+00 1.862800e-03 5.848367e+00 1.862800e-03 5.574315e+00 
1.872800e-03 9.852447e+00 1.872800e-03 7.711822e+00 1.872800e-03 5.745978e+00 1.872800e-03 5.466884e+00 
1.882800e-03 9.814346e+00 1.882800e-03 7.635745e+00 1.882800e-03 5.634965e+00 1.882800e-03 5.350418e+00 
1.892800e-03 9.773304e+00 1.892800e-03 7.553793e+00 1.892800e-03 5.515380e+00 1.892800e-03 5.224971e+00 
1.902800e-03 9.729346e+00 1.902800e-03 7.466021e+00 1.902800e-03 5.387302e+00 1.902800e-03 5.090621e+00 
1.912800e-03 9.682512e+00 1.912800e-03 7.372503e+00 1.912800e-03 5.250841e+00 1.912800e-03 4.947479e+00 
1.922800e-03 9.632849e+00 1.922800e-03 7.273339e+00 1.922800e-03 5.106140e+00 1.922800e-03 4.795691e+00 
1.932800e-03 9.580422e+00 1.932800e-03 7.168654e+00 1.932800e-03 4.953383e+00 1.932800e-03 4.635447e+00 
1.942800e-03 9.525309e+00 1.942800e-03 7.058605e+00 1.942800e-03 4.792798e+00 1.942800e-03 4.466981e+00 
1.952800e-03 9.467605e+00 1.952800e-03 6.943385e+00 1.952800e-03 4.624663e+00 1.952800e-03 4.290579e+00 
1.962800e-03 9.407425e+00 1.962800e-03 6.823219e+00 1.962800e-03 4.449311e+00 1.962800e-03 4.106587e+00 
1.972800e-03 9.344904e+00 1.972800e-03 6.698379e+00 1.972800e-03 4.267134e+00 1.972800e-03 3.915410e+00 
1.982800e-03 9.280198e+00 1.982800e-03 6.569176e+00 1.982800e-03 4.078587e+00 1.982800e-03 3.717520e+00 
1.992800e-03 9.213486e+00 1.992800e-03 6.435968e+00 1.992800e-03 3.884192e+00 1.992800e-03 3.513460e+00 
2.000000e-03 9.164326e+00 2.000000e-03 6.337806e+00 2.000000e-03 3.740938e+00 2.000000e-03 3.363059e+00 
